 &plot nbnd=  20, nks=   171 /
            1.000000  0.500000  0.000000
  -10.262    2.483    2.483    3.628   16.794   16.794   17.110   20.437   26.854   26.854
   31.173   33.765   36.624   39.323   42.008   42.008   43.966   45.694   45.694   50.149
            0.985714  0.500000  0.014286
  -10.262    2.476    2.487    3.635   16.783   16.796   17.114   20.447   26.840   26.854
   31.187   33.766   36.592   39.296   41.982   42.036   44.012   45.674   45.714   50.170
            0.971429  0.500000  0.028571
  -10.264    2.454    2.498    3.653   16.752   16.803   17.126   20.479   26.800   26.856
   31.230   33.768   36.497   39.216   41.913   42.114   44.141   45.616   45.774   50.231
            0.957143  0.500000  0.042857
  -10.267    2.420    2.516    3.683   16.700   16.813   17.148   20.531   26.736   26.858
   31.299   33.771   36.344   39.095   41.813   42.229   44.331   45.530   45.876   50.326
            0.942857  0.500000  0.057143
  -10.272    2.375    2.542    3.721   16.630   16.828   17.177   20.601   26.651   26.862
   31.392   33.775   36.140   38.943   41.697   42.362   44.558   45.428   46.027   50.447
            0.928571  0.500000  0.071429
  -10.277    2.321    2.574    3.766   16.544   16.846   17.216   20.686   26.550   26.867
   31.505   33.779   35.894   38.769   41.572   42.493   44.799   45.331   46.231   50.584
            0.914286  0.500000  0.085714
  -10.284    2.261    2.614    3.816   16.443   16.868   17.264   20.783   26.435   26.873
   31.635   33.780   35.615   38.581   41.443   42.596   45.037   45.260   46.493   50.727
            0.900000  0.500000  0.100000
  -10.292    2.196    2.660    3.869   16.331   16.892   17.320   20.891   26.312   26.880
   31.779   33.776   35.314   38.384   41.313   42.647   45.240   45.265   46.810   50.865
            0.885714  0.500000  0.114286
  -10.301    2.127    2.713    3.923   16.209   16.920   17.386   21.004   26.185   26.888
   31.933   33.759   35.006   38.183   41.181   42.629   45.291   45.481   47.177   50.987
            0.871429  0.500000  0.128571
  -10.310    2.056    2.772    3.979   16.079   16.949   17.462   21.122   26.059   26.897
   32.096   33.711   34.711   37.978   41.047   42.535   45.418   45.688   47.583   51.081
            0.857143  0.500000  0.142857
  -10.321    1.983    2.837    4.034   15.942   16.981   17.547   21.240   25.936   26.907
   32.265   33.601   34.468   37.773   40.912   42.377   45.612   45.890   48.018   51.138
            0.842857  0.500000  0.157143
  -10.332    1.910    2.908    4.089   15.799   17.014   17.642   21.355   25.821   26.919
   32.439   33.391   34.318   37.567   40.774   42.168   45.858   46.090   48.471   51.151
            0.828571  0.500000  0.171429
  -10.344    1.837    2.984    4.142   15.652   17.049   17.746   21.465   25.718   26.931
   32.615   33.092   34.252   37.361   40.635   41.926   46.141   46.290   48.930   51.122
            0.814286  0.500000  0.185714
  -10.356    1.765    3.065    4.194   15.502   17.084   17.860   21.566   25.631   26.944
   32.741   32.793   34.238   37.155   40.493   41.661   46.448   46.492   49.374   51.058
            0.800000  0.500000  0.200000
  -10.369    1.693    3.151    4.243   15.350   17.120   17.983   21.655   25.564   26.957
   32.364   32.971   34.250   36.950   40.348   41.382   46.696   46.771   49.750   50.970
            0.785714  0.500000  0.214286
  -10.382    1.623    3.240    4.291   15.196   17.156   18.116   21.730   25.520   26.971
   31.974   33.149   34.278   36.744   40.201   41.097   46.902   47.101   49.938   50.868
            0.771429  0.500000  0.228571
  -10.396    1.554    3.333    4.336   15.041   17.193   18.257   21.787   25.501   26.986
   31.580   33.325   34.316   36.537   40.051   40.809   47.108   47.430   49.882   50.763
            0.757143  0.500000  0.242857
  -10.409    1.488    3.429    4.379   14.886   17.229   18.408   21.826   25.509   27.000
   31.183   33.500   34.362   36.330   39.898   40.524   47.314   47.752   49.712   50.661
            0.742857  0.500000  0.257143
  -10.422    1.424    3.527    4.419   14.732   17.264   18.567   21.846   25.545   27.014
   30.788   33.672   34.414   36.121   39.743   40.243   47.514   48.057   49.517   50.571
            0.728571  0.500000  0.271429
  -10.436    1.362    3.626    4.456   14.579   17.298   18.735   21.849   25.608   27.026
   30.397   33.841   34.472   35.910   39.585   39.970   47.705   48.336   49.332   50.500
            0.714286  0.500000  0.285714
  -10.449    1.303    3.726    4.491   14.428   17.332   18.910   21.835   25.695   27.037
   30.013   34.007   34.536   35.697   39.425   39.706   47.872   48.576   49.179   50.458
            0.700000  0.500000  0.300000
  -10.461    1.247    3.827    4.523   14.281   17.364   19.091   21.809   25.803   27.045
   29.636   34.168   34.604   35.483   39.264   39.454   47.993   48.764   49.085   50.453
            0.685714  0.500000  0.314286
  -10.474    1.195    3.927    4.552   14.137   17.395   19.280   21.772   25.930   27.048
   29.271   34.326   34.677   35.267   39.101   39.214   48.042   48.892   49.078   50.488
            0.671429  0.500000  0.328571
  -10.485    1.145    4.025    4.579   13.998   17.424   19.473   21.727   26.072   27.043
   28.922   34.478   34.754   35.051   38.938   38.988   48.014   48.961   49.164   50.559
            0.657143  0.500000  0.342857
  -10.497    1.099    4.120    4.604   13.865   17.451   19.671   21.678   26.224   27.027
   28.593   34.624   34.835   34.835   38.775   38.776   47.934   48.983   49.315   50.650
            0.642857  0.500000  0.357143
  -10.507    1.057    4.212    4.626   13.738   17.476   19.871   21.627   26.383   26.992
   28.294   34.621   34.765   34.919   38.579   38.614   47.832   48.973   49.502   50.744
            0.628571  0.500000  0.371429
  -10.517    1.019    4.300    4.646   13.619   17.500   20.072   21.575   26.546   26.926
   28.038   34.412   34.899   35.006   38.397   38.455   47.726   48.944   49.706   50.829
            0.614286  0.500000  0.385714
  -10.526    0.984    4.382    4.663   13.509   17.521   20.271   21.525   26.708   26.818
   27.838   34.209   35.025   35.095   38.229   38.301   47.624   48.905   49.916   50.900
            0.600000  0.500000  0.400000
  -10.534    0.953    4.457    4.678   13.409   17.540   20.467   21.478   26.665   26.866
   27.701   34.017   35.143   35.183   38.078   38.152   47.530   48.862   50.127   50.954
            0.585714  0.500000  0.414286
  -10.541    0.926    4.525    4.691   13.319   17.556   20.654   21.435   26.481   27.016
   27.616   33.837   35.251   35.271   37.943   38.011   47.446   48.820   50.331   50.994
            0.571429  0.500000  0.428571
  -10.547    0.903    4.584    4.702   13.242   17.570   20.829   21.398   26.286   27.153
   27.567   33.675   35.348   35.355   37.824   37.882   47.375   48.782   50.524   51.021
            0.557143  0.500000  0.442857
  -10.552    0.884    4.634    4.711   13.176   17.582   20.987   21.366   26.101   27.273
   27.539   33.534   35.432   35.432   37.724   37.767   47.315   48.748   50.699   51.040
            0.542857  0.500000  0.457143
  -10.556    0.869    4.674    4.718   13.125   17.591   21.120   21.341   25.940   27.372
   27.523   33.419   35.498   35.501   37.642   37.670   47.269   48.721   50.848   51.051
            0.528571  0.500000  0.471429
  -10.558    0.859    4.703    4.723   13.088   17.597   21.221   21.323   25.816   27.446
   27.514   33.334   35.551   35.553   37.583   37.596   47.236   48.701   50.964   51.058
            0.514286  0.500000  0.485714
  -10.560    0.852    4.720    4.725   13.065   17.601   21.286   21.311   25.738   27.492
   27.509   33.281   35.584   35.585   37.546   37.549   47.216   48.688   51.038   51.062
            0.500000  0.500000  0.500000
  -10.561    0.850    4.726    4.726   13.057   17.602   21.308   21.308   25.711   27.508
   27.508   33.263   35.596   35.596   37.533   37.533   47.209   48.684   51.063   51.063
            0.488372  0.488372  0.488372
  -10.563    0.855    4.727    4.727   13.057   17.600   21.309   21.309   25.714   27.496
   27.496   33.269   35.596   35.596   37.543   37.543   46.986   48.898   51.028   51.028
            0.476744  0.476744  0.476744
  -10.569    0.869    4.729    4.729   13.055   17.593   21.315   21.315   25.721   27.463
   27.463   33.289   35.597   35.597   37.574   37.574   46.509   49.344   50.927   50.927
            0.465116  0.465116  0.465116
  -10.578    0.893    4.733    4.733   13.051   17.582   21.323   21.323   25.733   27.407
   27.407   33.320   35.595   35.595   37.627   37.627   45.952   49.840   50.773   50.773
            0.453488  0.453488  0.453488
  -10.592    0.926    4.738    4.738   13.046   17.568   21.336   21.336   25.750   27.332
   27.332   33.364   35.587   35.587   37.704   37.704   45.369   50.317   50.582   50.582
            0.441860  0.441860  0.441860
  -10.609    0.968    4.745    4.745   13.038   17.550   21.351   21.351   25.772   27.239
   27.239   33.418   35.570   35.570   37.806   37.806   44.779   50.368   50.368   50.728
            0.430233  0.430233  0.430233
  -10.629    1.020    4.753    4.753   13.029   17.529   21.370   21.370   25.799   27.129
   27.129   33.482   35.540   35.540   37.935   37.935   44.189   50.142   50.142   51.023
            0.418605  0.418605  0.418605
  -10.653    1.080    4.763    4.763   13.016   17.508   21.391   21.391   25.830   27.007
   27.007   33.553   35.495   35.495   38.091   38.091   43.604   49.914   49.914   51.161
            0.406977  0.406977  0.406977
  -10.680    1.148    4.774    4.774   13.000   17.485   21.415   21.415   25.867   26.873
   26.873   33.629   35.433   35.433   38.271   38.271   43.030   49.689   49.689   51.143
            0.395349  0.395349  0.395349
  -10.710    1.225    4.786    4.786   12.980   17.463   21.442   21.442   25.908   26.731
   26.731   33.709   35.354   35.354   38.475   38.475   42.468   49.474   49.474   51.008
            0.383721  0.383721  0.383721
  -10.743    1.310    4.800    4.800   12.955   17.443   21.470   21.470   25.954   26.583
   26.583   33.788   35.258   35.258   38.698   38.698   41.925   49.271   49.271   50.802
            0.372093  0.372093  0.372093
  -10.778    1.403    4.814    4.814   12.925   17.426   21.501   21.501   26.004   26.431
   26.431   33.862   35.145   35.145   38.939   38.939   41.403   49.085   49.085   50.553
            0.360465  0.360465  0.360465
  -10.815    1.503    4.830    4.830   12.889   17.414   21.532   21.532   26.059   26.277
   26.277   33.925   35.017   35.017   39.194   39.194   40.908   48.918   48.918   50.281
            0.348837  0.348837  0.348837
  -10.854    1.609    4.847    4.847   12.847   17.407   21.564   21.564   26.119   26.124
   26.124   33.972   34.874   34.874   39.458   39.458   40.447   48.773   48.773   49.994
            0.337209  0.337209  0.337209
  -10.895    1.723    4.865    4.865   12.797   17.407   21.596   21.596   25.974   25.974
   26.182   33.995   34.717   34.717   39.729   39.729   40.027   48.652   48.652   49.700
            0.325581  0.325581  0.325581
  -10.937    1.842    4.884    4.884   12.739   17.416   21.627   21.627   25.829   25.829
   26.248   33.983   34.547   34.547   39.656   40.003   40.003   48.557   48.557   49.403
            0.313953  0.313953  0.313953
  -10.981    1.967    4.904    4.904   12.674   17.434   21.657   21.657   25.691   25.691
   26.318   33.930   34.366   34.366   39.345   40.277   40.277   48.491   48.491   49.105
            0.302326  0.302326  0.302326
  -11.025    2.098    4.924    4.924   12.600   17.462   21.683   21.683   25.561   25.561
   26.391   33.825   34.173   34.173   39.100   40.546   40.546   48.455   48.455   48.807
            0.290698  0.290698  0.290698
  -11.070    2.233    4.945    4.945   12.517   17.501   21.706   21.706   25.443   25.443
   26.465   33.666   33.971   33.971   38.925   40.808   40.808   48.452   48.452   48.512
            0.279070  0.279070  0.279070
  -11.115    2.373    4.967    4.967   12.426   17.551   21.724   21.724   25.336   25.336
   26.542   33.451   33.760   33.760   38.821   41.059   41.059   48.220   48.483   48.483
            0.267442  0.267442  0.267442
  -11.160    2.517    4.989    4.989   12.328   17.614   21.737   21.737   25.245   25.245
   26.619   33.186   33.541   33.541   38.783   41.296   41.296   47.932   48.551   48.551
            0.255814  0.255814  0.255814
  -11.205    2.664    5.011    5.011   12.221   17.689   21.742   21.742   25.169   25.169
   26.695   32.878   33.315   33.315   38.803   41.517   41.517   47.648   48.657   48.657
            0.244186  0.244186  0.244186
  -11.249    2.814    5.034    5.034   12.107   17.776   21.740   21.740   25.110   25.110
   26.771   32.538   33.083   33.083   38.871   41.719   41.719   47.370   48.801   48.801
            0.232558  0.232558  0.232558
  -11.293    2.968    5.056    5.056   11.986   17.875   21.729   21.729   25.070   25.070
   26.844   32.174   32.846   32.846   38.977   41.901   41.901   47.097   48.983   48.983
            0.220930  0.220930  0.220930
  -11.336    3.123    5.079    5.079   11.860   17.987   21.710   21.710   25.048   25.048
   26.913   31.795   32.605   32.605   39.115   42.063   42.063   46.831   49.202   49.202
            0.209302  0.209302  0.209302
  -11.378    3.279    5.101    5.101   11.728   18.111   21.683   21.683   25.045   25.045
   26.975   31.410   32.361   32.361   39.276   42.205   42.205   46.570   49.457   49.457
            0.197674  0.197674  0.197674
  -11.419    3.437    5.123    5.123   11.592   18.246   21.649   21.649   25.061   25.061
   27.028   31.026   32.114   32.114   39.456   42.328   42.328   46.316   49.744   49.744
            0.186047  0.186047  0.186047
  -11.458    3.595    5.145    5.145   11.452   18.392   21.608   21.608   25.094   25.094
   27.068   30.650   31.867   31.867   39.650   42.433   42.433   46.069   50.062   50.062
            0.174419  0.174419  0.174419
  -11.496    3.752    5.166    5.166   11.311   18.549   21.561   21.561   25.144   25.144
   27.091   30.290   31.618   31.618   39.854   42.522   42.522   45.828   50.406   50.406
            0.162791  0.162791  0.162791
  -11.532    3.909    5.187    5.187   11.167   18.715   21.511   21.511   25.209   25.209
   27.089   29.955   31.370   31.370   40.065   42.597   42.597   45.595   50.773   50.773
            0.151163  0.151163  0.151163
  -11.566    4.064    5.206    5.206   11.024   18.891   21.458   21.458   25.288   25.288
   27.054   29.654   31.123   31.123   40.281   42.659   42.659   45.369   51.158   51.158
            0.139535  0.139535  0.139535
  -11.598    4.216    5.225    5.225   10.881   19.075   21.403   21.403   25.379   25.379
   26.979   29.398   30.879   30.879   40.500   42.710   42.710   45.150   51.556   51.556
            0.127907  0.127907  0.127907
  -11.628    4.364    5.243    5.243   10.741   19.267   21.349   21.349   25.482   25.482
   26.857   29.194   30.637   30.637   40.719   42.752   42.752   44.937   51.963   51.963
            0.116279  0.116279  0.116279
  -11.656    4.507    5.259    5.259   10.604   19.464   21.296   21.296   25.593   25.593
   26.687   29.043   30.401   30.401   40.937   42.787   42.787   44.731   52.373   52.373
            0.104651  0.104651  0.104651
  -11.681    4.645    5.275    5.275   10.472   19.665   21.245   21.245   25.711   25.711
   26.478   28.941   30.170   30.170   41.154   42.816   42.816   44.532   52.779   52.779
            0.093023  0.093023  0.093023
  -11.704    4.775    5.289    5.289   10.346   19.869   21.197   21.197   25.835   25.835
   26.240   28.878   29.946   29.946   41.367   42.839   42.839   44.339   53.174   53.174
            0.081395  0.081395  0.081395
  -11.725    4.896    5.302    5.302   10.228   20.071   21.153   21.153   25.961   25.961
   25.987   28.842   29.732   29.732   41.576   42.857   42.857   44.151   53.549   53.549
            0.069767  0.069767  0.069767
  -11.743    5.006    5.313    5.313   10.121   20.269   21.114   21.114   25.733   26.088
   26.088   28.825   29.530   29.530   41.781   42.872   42.872   43.967   53.895   53.895
            0.058140  0.058140  0.058140
  -11.758    5.104    5.322    5.322   10.025   20.458   21.080   21.080   25.488   26.211
   26.211   28.820   29.343   29.343   41.982   42.884   42.884   43.788   54.202   54.202
            0.046512  0.046512  0.046512
  -11.770    5.187    5.330    5.330    9.943   20.631   21.051   21.051   25.264   26.326
   26.326   28.821   29.176   29.176   42.177   42.892   42.892   43.611   54.462   54.462
            0.034884  0.034884  0.034884
  -11.780    5.255    5.336    5.336    9.877   20.781   21.029   21.029   25.071   26.427
   26.427   28.824   29.035   29.035   42.367   42.899   42.899   43.436   54.668   54.668
            0.023256  0.023256  0.023256
  -11.787    5.304    5.341    5.341    9.829   20.898   21.012   21.012   24.923   26.508
   26.508   28.828   28.926   28.926   42.552   42.903   42.903   43.262   54.816   54.816
            0.011628  0.011628  0.011628
  -11.791    5.334    5.344    5.344    9.799   20.973   21.002   21.002   24.828   26.560
   26.560   28.831   28.856   28.856   42.734   42.906   42.906   43.088   54.904   54.904
            0.000000  0.000000  0.000000
  -11.793    5.344    5.344    5.344    9.789   20.999   20.999   20.999   24.795   26.579
   26.579   28.832   28.832   28.832   42.907   42.907   42.907   42.917   54.934   54.934
            0.020000  0.000000  0.000000
  -11.791    5.336    5.343    5.343    9.799   20.974   21.002   21.002   24.828   26.540
   26.582   28.837   28.837   28.868   42.739   42.903   42.903   43.090   54.908   54.908
            0.040000  0.000000  0.000000
  -11.787    5.310    5.338    5.338    9.828   20.899   21.012   21.012   24.922   26.430
   26.591   28.852   28.852   28.969   42.569   42.890   42.890   43.273   54.832   54.832
            0.060000  0.000000  0.000000
  -11.780    5.268    5.331    5.331    9.876   20.783   21.028   21.028   25.071   26.265
   26.606   28.877   28.877   29.120   42.401   42.869   42.869   43.463   54.712   54.712
            0.080000  0.000000  0.000000
  -11.771    5.210    5.320    5.320    9.942   20.633   21.050   21.050   25.267   26.061
   26.627   28.912   28.912   29.304   42.236   42.839   42.839   43.659   54.554   54.554
            0.100000  0.000000  0.000000
  -11.758    5.139    5.306    5.306   10.024   20.458   21.078   21.078   25.502   25.829
   26.654   28.957   28.957   29.510   42.072   42.801   42.801   43.864   54.367   54.367
            0.120000  0.000000  0.000000
  -11.743    5.055    5.290    5.290   10.121   20.264   21.112   21.112   25.580   25.769
   26.687   29.013   29.013   29.728   41.909   42.754   42.754   44.078   54.159   54.159
            0.140000  0.000000  0.000000
  -11.726    4.961    5.270    5.270   10.231   20.057   21.152   21.152   25.317   26.061
   26.727   29.078   29.078   29.953   41.746   42.699   42.699   44.302   53.937   53.937
            0.160000  0.000000  0.000000
  -11.705    4.858    5.248    5.248   10.352   19.843   21.197   21.197   25.046   26.375
   26.772   29.154   29.154   30.179   41.585   42.636   42.636   44.537   53.707   53.707
            0.180000  0.000000  0.000000
  -11.683    4.748    5.224    5.224   10.483   19.624   21.247   21.247   24.769   26.707
   26.823   29.240   29.240   30.406   41.425   42.564   42.564   44.783   53.472   53.472
            0.200000  0.000000  0.000000
  -11.658    4.631    5.197    5.197   10.623   19.402   21.303   21.303   24.488   26.880
   27.054   29.336   29.336   30.629   41.267   42.483   42.483   45.040   53.237   53.237
            0.220000  0.000000  0.000000
  -11.630    4.510    5.168    5.168   10.769   19.179   21.362   21.362   24.205   26.943
   27.415   29.442   29.442   30.848   41.111   42.394   42.394   45.310   53.005   53.005
            0.240000  0.000000  0.000000
  -11.601    4.385    5.137    5.137   10.922   18.958   21.426   21.426   23.920   27.012
   27.789   29.559   29.559   31.059   40.958   42.297   42.297   45.592   52.777   52.777
            0.260000  0.000000  0.000000
  -11.569    4.258    5.104    5.104   11.080   18.738   21.494   21.494   23.636   27.087
   28.173   29.686   29.686   31.263   40.811   42.193   42.193   45.886   52.556   52.556
            0.280000  0.000000  0.000000
  -11.535    4.129    5.070    5.070   11.242   18.522   21.565   21.565   23.352   27.168
   28.568   29.824   29.824   31.456   40.669   42.081   42.081   46.193   52.231   52.342
            0.300000  0.000000  0.000000
  -11.499    3.999    5.034    5.034   11.408   18.309   21.640   21.640   23.069   27.254
   28.973   29.972   29.972   31.638   40.535   41.961   41.961   46.513   51.680   52.137
            0.320000  0.000000  0.000000
  -11.462    3.868    4.996    4.996   11.576   18.099   21.717   21.717   22.788   27.346
   29.387   30.130   30.130   31.806   40.411   41.836   41.836   46.846   51.135   51.941
            0.340000  0.000000  0.000000
  -11.423    3.739    4.958    4.958   11.746   17.895   21.796   21.796   22.510   27.444
   29.810   30.299   30.299   31.960   40.298   41.704   41.704   47.191   50.598   51.754
            0.360000  0.000000  0.000000
  -11.382    3.610    4.919    4.919   11.918   17.695   21.878   21.878   22.235   27.547
   30.241   30.477   30.477   32.096   40.198   41.567   41.567   47.548   50.069   51.577
            0.380000  0.000000  0.000000
  -11.340    3.483    4.879    4.879   12.090   17.500   21.961   21.961   21.964   27.656
   30.666   30.666   30.681   32.214   40.115   41.425   41.425   47.917   49.547   51.409
            0.400000  0.000000  0.000000
  -11.297    3.357    4.838    4.838   12.263   17.310   21.698   22.046   22.046   27.770
   30.864   30.864   31.129   32.312   40.048   41.280   41.280   48.298   49.032   51.250
            0.420000  0.000000  0.000000
  -11.253    3.234    4.797    4.797   12.435   17.125   21.437   22.131   22.131   27.889
   31.072   31.072   31.584   32.389   40.001   41.132   41.132   48.525   48.691   51.098
            0.440000  0.000000  0.000000
  -11.208    3.113    4.756    4.756   12.607   16.946   21.181   22.217   22.217   28.014
   31.288   31.288   32.047   32.443   39.975   40.982   40.982   48.026   49.095   50.955
            0.460000  0.000000  0.000000
  -11.163    2.995    4.715    4.715   12.777   16.773   20.932   22.303   22.303   28.144
   31.514   31.514   32.473   32.517   39.970   40.831   40.831   47.535   49.510   50.818
            0.480000  0.000000  0.000000
  -11.116    2.881    4.674    4.674   12.945   16.606   20.689   22.390   22.390   28.279
   31.747   31.747   32.481   32.995   39.987   40.682   40.682   47.053   49.935   50.687
            0.500000  0.000000  0.000000
  -11.070    2.770    4.633    4.633   13.111   16.444   20.454   22.476   22.476   28.418
   31.988   31.988   32.467   33.480   40.026   40.534   40.534   46.578   50.371   50.561
            0.520000  0.000000  0.000000
  -11.023    2.662    4.592    4.592   13.274   16.289   20.226   22.561   22.561   28.562
   32.235   32.235   32.430   33.973   40.086   40.390   40.390   46.112   50.438   50.438
            0.540000  0.000000  0.000000
  -10.977    2.558    4.553    4.553   13.433   16.139   20.008   22.646   22.646   28.711
   32.373   32.488   32.488   34.472   40.167   40.250   40.250   45.654   50.317   50.317
            0.560000  0.000000  0.000000
  -10.930    2.458    4.514    4.514   13.587   15.996   19.799   22.730   22.730   28.864
   32.298   32.746   32.746   34.978   40.117   40.117   40.266   45.206   50.196   50.196
            0.580000  0.000000  0.000000
  -10.884    2.362    4.476    4.476   13.737   15.859   19.600   22.812   22.812   29.020
   32.207   33.007   33.007   35.492   39.993   39.993   40.382   44.766   50.074   50.074
            0.600000  0.000000  0.000000
  -10.839    2.271    4.438    4.438   13.880   15.727   19.411   22.892   22.892   29.181
   32.102   33.269   33.269   36.012   39.879   39.879   40.513   44.337   49.949   49.949
            0.620000  0.000000  0.000000
  -10.794    2.183    4.402    4.402   14.017   15.603   19.234   22.971   22.971   29.344
   31.985   33.530   33.530   36.540   39.779   39.779   40.656   43.917   49.818   49.818
            0.640000  0.000000  0.000000
  -10.751    2.100    4.368    4.368   14.147   15.484   19.070   23.048   23.048   29.511
   31.858   33.789   33.789   37.074   39.694   39.694   40.810   43.507   49.680   49.680
            0.660000  0.000000  0.000000
  -10.708    2.022    4.334    4.334   14.268   15.372   18.918   23.122   23.122   29.679
   31.725   34.042   34.042   37.615   39.628   39.628   40.971   43.108   49.532   49.532
            0.680000  0.000000  0.000000
  -10.667    1.948    4.302    4.302   14.381   15.266   18.780   23.194   23.194   29.850
   31.587   34.286   34.286   38.163   39.585   39.585   41.139   42.721   49.371   49.371
            0.700000  0.000000  0.000000
  -10.628    1.879    4.272    4.272   14.483   15.166   18.655   23.262   23.262   30.021
   31.446   34.517   34.517   38.718   39.567   39.567   41.311   42.345   49.195   49.195
            0.720000  0.000000  0.000000
  -10.590    1.814    4.243    4.243   14.575   15.073   18.545   23.328   23.328   30.193
   31.304   34.733   34.733   39.279   39.578   39.578   41.484   41.982   49.002   49.002
            0.740000  0.000000  0.000000
  -10.554    1.754    4.215    4.215   14.656   14.986   18.450   23.391   23.391   30.365
   31.163   34.929   34.929   39.621   39.621   39.847   41.633   41.658   48.788   48.788
            0.760000  0.000000  0.000000
  -10.520    1.698    4.190    4.190   14.727   14.905   18.369   23.450   23.450   30.535
   31.026   35.102   35.102   39.700   39.700   40.422   41.299   41.829   48.554   48.554
            0.780000  0.000000  0.000000
  -10.488    1.647    4.166    4.166   14.786   14.831   18.302   23.505   23.505   30.702
   30.892   35.252   35.252   39.815   39.815   40.980   41.003   41.996   48.299   48.299
            0.800000  0.000000  0.000000
  -10.458    1.600    4.144    4.144   14.763   14.834   18.249   23.556   23.556   30.765
   30.866   35.376   35.376   39.966   39.966   40.679   41.590   42.157   48.023   48.023
            0.820000  0.000000  0.000000
  -10.431    1.558    4.124    4.124   14.702   14.873   18.207   23.604   23.604   30.645
   31.023   35.475   35.475   40.150   40.150   40.396   42.184   42.310   47.727   47.727
            0.840000  0.000000  0.000000
  -10.407    1.521    4.106    4.106   14.647   14.903   18.176   23.646   23.646   30.534
   31.174   35.553   35.553   40.134   40.364   40.364   42.453   42.785   47.417   47.417
            0.860000  0.000000  0.000000
  -10.385    1.488    4.090    4.090   14.598   14.925   18.155   23.685   23.685   30.433
   31.315   35.612   35.612   39.894   40.601   40.601   42.585   43.392   47.096   47.096
            0.880000  0.000000  0.000000
  -10.365    1.460    4.077    4.077   14.556   14.941   18.141   23.718   23.718   30.343
   31.444   35.655   35.655   39.680   40.854   40.854   42.703   44.004   46.771   46.771
            0.900000  0.000000  0.000000
  -10.349    1.435    4.065    4.065   14.521   14.952   18.132   23.747   23.747   30.265
   31.559   35.685   35.685   39.492   41.115   41.115   42.806   44.623   46.452   46.452
            0.920000  0.000000  0.000000
  -10.335    1.416    4.055    4.055   14.492   14.958   18.127   23.771   23.771   30.200
   31.657   35.706   35.706   39.334   41.370   41.370   42.893   45.246   46.148   46.148
            0.940000  0.000000  0.000000
  -10.325    1.401    4.048    4.048   14.469   14.962   18.125   23.789   23.789   30.149
   31.737   35.719   35.719   39.209   41.605   41.605   42.962   45.873   45.875   45.875
            0.960000  0.000000  0.000000
  -10.317    1.390    4.042    4.042   14.453   14.965   18.125   23.803   23.803   30.112
   31.796   35.727   35.727   39.117   41.800   41.800   43.012   45.654   45.654   46.499
            0.980000  0.000000  0.000000
  -10.313    1.383    4.039    4.039   14.443   14.966   18.125   23.811   23.811   30.089
   31.832   35.732   35.732   39.061   41.931   41.931   43.043   45.506   45.506   47.105
            1.000000  0.000000  0.000000
  -10.311    1.381    4.038    4.038   14.440   14.966   18.125   23.813   23.813   30.082
   31.844   35.733   35.733   39.043   41.978   41.978   43.053   45.454   45.454   47.500
            1.000000  0.020000  0.000000
  -10.311    1.383    4.034    4.036   14.446   14.972   18.123   23.800   23.817   30.091
   31.849   35.662   35.735   39.100   41.964   41.988   43.073   45.433   45.447   47.518
            1.000000  0.040000  0.000000
  -10.310    1.389    4.022    4.031   14.464   14.990   18.117   23.759   23.830   30.117
   31.864   35.463   35.743   39.257   41.925   42.020   43.133   45.370   45.425   47.570
            1.000000  0.060000  0.000000
  -10.309    1.398    4.003    4.023   14.494   15.021   18.108   23.693   23.850   30.160
   31.890   35.170   35.755   39.473   41.861   42.073   43.238   45.274   45.390   47.647
            1.000000  0.080000  0.000000
  -10.308    1.412    3.977    4.011   14.535   15.063   18.094   23.603   23.879   30.216
   31.927   34.816   35.772   39.713   41.776   42.149   43.392   45.151   45.342   47.740
            1.000000  0.100000  0.000000
  -10.306    1.429    3.943    3.997   14.588   15.116   18.076   23.491   23.916   30.282
   31.974   34.424   35.793   39.946   41.671   42.244   43.603   45.010   45.283   47.839
            1.000000  0.120000  0.000000
  -10.304    1.450    3.903    3.980   14.651   15.181   18.054   23.360   23.962   30.357
   32.034   34.010   35.820   40.157   41.550   42.356   43.875   44.857   45.213   47.935
            1.000000  0.140000  0.000000
  -10.302    1.474    3.856    3.960   14.724   15.256   18.029   23.212   24.017   30.435
   32.106   33.583   35.850   40.336   41.416   42.480   44.211   44.695   45.136   48.019
            1.000000  0.160000  0.000000
  -10.300    1.502    3.804    3.939   14.806   15.342   17.999   23.050   24.080   30.514
   32.190   33.151   35.885   40.486   41.273   42.613   44.528   44.607   45.051   48.084
            1.000000  0.180000  0.000000
  -10.297    1.534    3.746    3.916   14.896   15.437   17.965   22.876   24.153   30.592
   32.285   32.717   35.925   40.610   41.122   42.752   44.359   44.962   45.057   48.124
            1.000000  0.200000  0.000000
  -10.294    1.570    3.683    3.891   14.994   15.540   17.926   22.693   24.236   30.667
   32.284   32.390   35.968   40.715   40.967   42.897   44.189   44.869   45.551   48.135
            1.000000  0.220000  0.000000
  -10.291    1.609    3.615    3.866   15.099   15.652   17.884   22.503   24.329   30.737
   31.855   32.505   36.014   40.806   40.809   43.046   44.019   44.776   46.082   48.113
            1.000000  0.240000  0.000000
  -10.288    1.652    3.544    3.840   15.210   15.770   17.836   22.309   24.431   30.801
   31.432   32.626   36.064   40.651   40.888   43.200   43.851   44.682   46.643   48.059
            1.000000  0.260000  0.000000
  -10.285    1.698    3.470    3.815   15.326   15.894   17.785   22.111   24.545   30.860
   31.017   32.752   36.116   40.494   40.964   43.360   43.685   44.590   47.229   47.974
            1.000000  0.280000  0.000000
  -10.282    1.747    3.393    3.789   15.446   16.023   17.729   21.913   24.669   30.609
   30.912   32.881   36.171   40.341   41.038   43.523   43.525   44.500   47.834   47.861
            1.000000  0.300000  0.000000
  -10.279    1.800    3.313    3.765   15.569   16.155   17.668   21.716   24.805   30.210
   30.959   33.008   36.227   40.191   41.112   43.363   43.697   44.415   47.722   48.456
            1.000000  0.320000  0.000000
  -10.276    1.856    3.232    3.741   15.694   16.289   17.602   21.522   24.952   29.821
   31.001   33.133   36.283   40.049   41.186   43.207   43.874   44.335   47.562   49.090
            1.000000  0.340000  0.000000
  -10.273    1.915    3.149    3.719   15.820   16.422   17.531   21.334   25.112   29.443
   31.038   33.251   36.340   39.914   41.262   43.056   44.056   44.261   47.385   49.736
            1.000000  0.360000  0.000000
  -10.271    1.977    3.065    3.699   15.947   16.553   17.456   21.155   25.284   29.076
   31.070   33.362   36.395   39.788   41.341   42.908   44.194   44.245   47.195   50.388
            1.000000  0.380000  0.000000
  -10.268    2.042    2.981    3.681   16.074   16.678   17.376   20.987   25.468   28.721
   31.098   33.463   36.448   39.674   41.424   42.765   44.135   44.439   46.994   50.564
            1.000000  0.400000  0.000000
  -10.266    2.110    2.896    3.666   16.200   16.795   17.291   20.834   25.666   28.377
   31.121   33.551   36.496   39.573   41.510   42.627   44.084   44.638   46.785   50.441
            1.000000  0.420000  0.000000
  -10.265    2.180    2.812    3.652   16.325   16.899   17.201   20.700   25.876   28.046
   31.140   33.626   36.539   39.486   41.600   42.494   44.042   44.842   46.571   50.338
            1.000000  0.440000  0.000000
  -10.263    2.252    2.728    3.642   16.447   16.987   17.106   20.590   26.100   27.728
   31.154   33.686   36.575   39.416   41.695   42.365   44.009   45.050   46.353   50.257
            1.000000  0.460000  0.000000
  -10.262    2.327    2.645    3.634   16.566   17.006   17.053   20.506   26.338   27.423
   31.165   33.730   36.601   39.365   41.795   42.241   43.985   45.262   46.134   50.197
            1.000000  0.480000  0.000000
  -10.262    2.404    2.563    3.630   16.682   16.903   17.095   20.454   26.589   27.132
   31.171   33.756   36.618   39.334   41.899   42.122   43.971   45.477   45.914   50.161
            1.000000  0.500000  0.000000
  -10.262    2.483    2.483    3.628   16.794   16.794   17.110   20.437   26.854   26.854
   31.173   33.765   36.624   39.323   42.008   42.008   43.966   45.694   45.694   50.149
            0.985294  0.514706  0.000000
  -10.262    2.426    2.539    3.633   16.708   16.874   17.104   20.452   26.652   27.056
   31.179   33.760   36.602   39.316   41.960   42.058   43.995   45.538   45.850   50.167
            0.970588  0.529412  0.000000
  -10.263    2.371    2.588    3.647   16.612   16.953   17.087   20.497   26.446   27.263
   31.198   33.748   36.534   39.302   41.974   42.048   44.082   45.391   45.992   50.223
            0.955882  0.544118  0.000000
  -10.265    2.320    2.630    3.670   16.507   17.028   17.060   20.570   26.237   27.475
   31.228   33.726   36.416   39.296   41.989   42.039   44.219   45.257   46.113   50.318
            0.941176  0.558824  0.000000
  -10.267    2.272    2.664    3.704   16.395   17.028   17.101   20.668   26.024   27.692
   31.269   33.698   36.249   39.308   41.897   42.139   44.391   45.139   46.215   50.449
            0.926471  0.573529  0.000000
  -10.270    2.226    2.689    3.746   16.277   16.993   17.170   20.789   25.808   27.914
   31.319   33.661   36.039   39.342   41.786   42.258   44.582   45.045   46.297   50.613
            0.911765  0.588235  0.000000
  -10.273    2.184    2.707    3.796   16.156   16.958   17.235   20.927   25.590   28.140
   31.377   33.618   35.794   39.397   41.666   42.382   44.780   44.981   46.365   50.805
            0.897059  0.602941  0.000000
  -10.276    2.146    2.718    3.850   16.033   16.923   17.296   21.082   25.369   28.368
   31.441   33.570   35.525   39.471   41.544   42.496   44.957   44.977   46.424   51.018
            0.882353  0.617647  0.000000
  -10.279    2.110    2.725    3.908   15.913   16.891   17.352   21.250   25.146   28.599
   31.512   33.515   35.240   39.560   41.426   42.586   44.983   45.163   46.480   51.134
            0.867647  0.632353  0.000000
  -10.282    2.079    2.728    3.966   15.797   16.862   17.403   21.429   24.921   28.831
   31.586   33.457   34.948   39.658   41.314   42.643   45.064   45.329   46.541   50.676
            0.852941  0.647059  0.000000
  -10.285    2.051    2.728    4.022   15.688   16.835   17.449   21.617   24.696   29.061
   31.663   33.396   34.655   39.762   41.212   42.665   45.204   45.469   46.613   50.224
            0.838235  0.661765  0.000000
  -10.288    2.026    2.727    4.075   15.588   16.812   17.490   21.813   24.469   29.286
   31.740   33.333   34.369   39.867   41.121   42.655   45.397   45.579   46.698   49.778
            0.823529  0.676471  0.000000
  -10.290    2.006    2.724    4.123   15.500   16.792   17.524   22.016   24.242   29.503
   31.815   33.270   34.098   39.968   41.041   42.623   45.637   45.660   46.792   49.339
            0.808824  0.691176  0.000000
  -10.293    1.988    2.722    4.164   15.426   16.776   17.552   22.224   24.015   29.703
   31.886   33.210   33.850   40.061   40.975   42.578   45.714   45.914   46.888   48.909
            0.794118  0.705882  0.000000
  -10.294    1.975    2.719    4.198   15.367   16.763   17.575   22.435   23.789   29.879
   31.948   33.157   33.635   40.142   40.923   42.531   45.750   46.222   46.976   48.489
            0.779412  0.720588  0.000000
  -10.295    1.966    2.717    4.222   15.323   16.754   17.591   22.649   23.565   30.019
   31.997   33.114   33.467   40.204   40.885   42.489   45.771   46.553   47.047   48.080
            0.764706  0.735294  0.000000
  -10.296    1.960    2.716    4.237   15.297   16.749   17.600   22.860   23.348   30.111
   32.030   33.086   33.358   40.244   40.863   42.462   45.782   46.901   47.093   47.687
            0.750000  0.750000  0.000000
  -10.296    1.958    2.716    4.242   15.288   16.747   17.604   23.005   23.201   30.143
   32.041   33.076   33.320   40.258   40.855   42.452   45.786   47.109   47.182   47.391
