# distance     RDF     integral
0.026850  0.000000  0.000000   0.000000   0.000000 
0.080550  0.000000  0.000000   0.000000   0.000000 
0.134250  0.000000  0.000000   0.000000   0.000000 
0.187950  0.000000  0.000000   0.000000   0.000000 
0.241650  0.000000  0.000000   0.000000   0.000000 
0.295350  0.000000  0.000000   0.000000   0.000000 
0.349050  0.000000  0.000000   0.000000   0.000000 
0.402750  0.000000  0.000000   0.000000   0.000000 
0.456450  0.000000  0.000000   0.000000   0.000000 
0.510150  0.000000  0.000000   0.000000   0.000000 
0.563850  0.000000  0.000000   0.000000   0.000000 
0.617550  0.000000  0.000000   0.000000   0.000000 
0.671250  0.000000  0.000000   0.000000   0.000000 
0.724950  0.000000  0.000000   0.000000   0.000000 
0.778650  0.000000  0.000000   0.000000   0.000000 
0.832350  0.000000  0.000000   0.000000   0.000000 
0.886050  0.000000  0.000000   0.000000   0.000000 
0.939750  0.000000  0.000000   0.000000   0.000000 
0.993450  0.000000  0.000000   0.000000   0.000000 
1.047150  0.000000  0.000000   0.000000   0.000000 
1.100850  0.000000  0.000000   0.000000   0.000000 
1.154550  0.000000  0.000000   0.000000   0.000000 
1.208250  0.000000  0.000000   0.000000   0.000000 
1.261950  0.000000  0.000000   0.000000   0.000000 
1.315650  0.000000  0.000000   0.000000   0.000000 
1.369350  0.000000  0.000000   0.000000   0.000000 
1.423050  0.000000  0.000000   0.000000   0.000000 
1.476750  0.000000  0.000000   0.000000   0.000000 
1.530450  0.000000  0.000000   0.000000   0.000000 
1.584150  0.000000  0.000000   0.000000   0.000000 
1.637850  0.000000  0.000000   0.000000   0.000000 
1.691550  0.000000  0.000000   0.000000   0.000000 
1.745250  0.000000  0.000000   0.000000   0.000000 
1.798950  0.000000  0.000000   0.000000   0.000000 
1.852650  0.000000  0.000000   0.002579   0.000077 
1.906350  0.000000  0.000000   0.002436   0.000154 
1.960050  0.000000  0.000000   0.011522   0.000540 
2.013750  0.000000  0.000000   0.006549   0.000772 
2.067450  0.000000  0.000000   0.018640   0.001466 
2.121150  0.000000  0.000000   0.029514   0.002623 
2.174850  0.000000  0.000000   0.052406   0.004784 
2.228550  0.000000  0.000000   0.073084   0.007948 
2.282250  0.000000  0.000000   0.083282   0.011728 
2.335950  0.000000  0.000000   0.100589   0.016512 
2.389650  0.000000  0.000000   0.133326   0.023148 
2.443350  0.000000  0.000000   0.158671   0.031404 
2.497050  0.000000  0.000000   0.168958   0.040586 
2.550750  0.000000  0.000000   0.182329   0.050926 
2.604450  0.000000  0.000000   0.228399   0.064429 
2.658150  0.000000  0.000000   0.196711   0.076543 
2.711850  0.000000  0.000000   0.231132   0.091358 
2.765550  0.000000  0.000000   0.256969   0.108488 
2.819250  0.000000  0.000000   0.271777   0.127315 
2.872950  0.000000  0.000000   0.304616   0.149228 
2.926650  0.000000  0.000000   0.392766   0.178549 
2.980350  0.000000  0.000000   0.419604   0.211034 
3.034050  0.000000  0.000000   0.521250   0.252855 
3.087750  0.000000  0.000000   0.616562   0.304090 
3.141450  0.000000  0.000000   0.724843   0.366435 
3.195150  0.000000  0.000000   0.797809   0.437423 
3.248850  0.000000  0.000000   0.884047   0.518750 
3.302550  0.000000  0.000000   0.889623   0.603318 
3.356250  0.000000  0.000000   0.939191   0.695525 
3.409950  0.000000  0.000000   0.975322   0.794367 
3.463650  0.000000  0.000000   1.033130   0.902392 
3.517350  0.000000  0.000000   1.001110   1.010340 
3.571050  0.000000  0.000000   1.001775   1.121682 
3.624750  0.000000  0.000000   0.934579   1.228704 
3.678450  0.000000  0.000000   0.947403   1.340432 
3.732150  0.000000  0.000000   0.927328   1.453009 
3.785850  0.000000  0.000000   0.896884   1.565046 
3.839550  0.000000  0.000000   0.837742   1.672685 
3.893250  0.000000  0.000000   0.769817   1.774383 
3.946950  0.001705  0.000231   0.795045   1.882330 
4.000650  0.004425  0.000849   0.778270   1.990895 
4.054350  0.012926  0.002701   0.813265   2.107407 
4.108050  0.047738  0.009722   0.830962   2.229630 
4.161750  0.123698  0.028395   0.813235   2.352392 
4.215450  0.299422  0.074769   0.886311   2.489660 
4.269150  0.599419  0.169985   0.961790   2.642438 
4.322850  1.134180  0.354707   0.967417   2.800000 
4.376550  1.824322  0.659259   1.101896   2.983951 
4.430250  2.571538  1.099151   1.189917   3.187500 
4.483950  3.410346  1.696759   1.292365   3.413966 
4.537650  4.085561  2.429938   1.426636   3.669985 
4.591350  4.476037  3.252315   1.472414   3.940509 
4.645050  4.664058  4.129398   1.513244   4.225077 
4.698750  4.718057  5.037269   1.539403   4.521296 
4.752450  4.389393  5.901312   1.656508   4.847377 
4.806150  3.984856  6.703549   1.642311   5.178009 
4.859850  3.457585  7.415278   1.609966   5.509414 
4.913550  3.035160  8.053935   1.560667   5.837809 
4.967250  2.607131  8.614583   1.504859   6.161420 
5.020950  2.271422  9.113657   1.444397   6.478781 
5.074650  1.946857  9.550617   1.389237   6.790586 
5.128350  1.717453  9.944290   1.350870   7.100231 
5.182050  1.492805  10.293673   1.243894   7.391358 
5.235750  1.345754  10.615201   1.164899   7.669676 
5.289450  1.198324  10.907407   1.141050   7.947917 
5.343150  1.075126  11.174923   1.056829   8.210880 
5.396850  0.941371  11.413889   1.056572   8.479090 
5.450550  0.864803  11.637809   1.015592   8.742052 
5.504250  0.789860  11.846373   0.976294   8.999846 
5.557950  0.712479  12.038194   0.903639   9.243133 
5.611650  0.656738  12.218441   0.863093   9.480015 
5.665350  0.598559  12.385880   0.831362   9.712577 
5.719050  0.565717  12.547145   0.822319   9.946991 
5.772750  0.541426  12.704398   0.757147   10.166898 
5.826450  0.523929  12.859414   0.732823   10.383719 
5.880150  0.486238  13.005941   0.710537   10.597840 
5.933850  0.451579  13.144522   0.719107   10.818519 
5.987550  0.412153  13.273302   0.722318   11.044213 
6.041250  0.370656  13.391204   0.718994   11.272917 
6.094950  0.323400  13.495910   0.724731   11.507562 
6.148650  0.279840  13.588117   0.708849   11.741127 
6.202350  0.248779  13.671528   0.749560   11.992438 
6.256050  0.221001  13.746914   0.748736   12.247840 
6.309750  0.183678  13.810648   0.768067   12.514352 
6.363450  0.146703  13.862423   0.790359   12.793287 
6.417150  0.122974  13.906559   0.833728   13.092515 
6.470850  0.103815  13.944444   0.869636   13.409877 
6.524550  0.092962  13.978935   0.916107   13.749769 
6.578250  0.093088  14.014043   0.931899   14.101235 
6.631950  0.101449  14.052932   0.951289   14.465895 
6.685650  0.121019  14.100077   0.975286   14.845833 
6.739350  0.152820  14.160571   0.966628   15.228472 
6.793050  0.172093  14.229784   0.994573   15.628472 
6.846750  0.226250  14.322222   0.996408   16.035571 
6.900450  0.284099  14.440123   0.995835   16.448843 
6.954150  0.346182  14.586034   1.015664   16.876929 
7.007850  0.421119  14.766281   1.022692   17.314660 
7.061550  0.507238  14.986728   0.999562   17.749074 
7.115250  0.608731  15.255324   0.988204   18.185108 
7.168950  0.679059  15.559491   1.006185   18.635802 
7.222650  0.776934  15.912731   0.970574   19.077083 
7.276350  0.874533  16.316281   0.987236   19.532639 
7.330050  0.930312  16.751929   1.021103   20.010802 
7.383750  1.079215  17.264738   1.006791   20.489198 
7.437450  1.120185  17.804784   1.005109   20.973765 
7.491150  1.222505  18.402701   1.017886   21.471605 
7.544850  1.310611  19.052932   1.033620   21.984414 
7.598550  1.327572  19.720988   1.056169   22.515895 
7.652250  1.377947  20.424228   1.076777   23.065432 
7.705950  1.373420  21.135031   1.069872   23.619136 
7.759650  1.361535  21.849537   1.112900   24.203164 
7.813350  1.289661  22.535725   1.113462   24.795602 
7.867050  1.220332  23.193981   1.136793   25.408796 
7.920750  1.138224  23.816358   1.118045   26.020139 
7.974450  1.043173  24.394522   1.116263   26.638812 
8.028150  0.981736  24.945988   1.124182   27.270293 
8.081850  0.923597  25.471759   1.113088   27.903935 
8.135550  0.897534  25.989506   1.114494   28.546836 
8.189250  0.908508  26.520525   1.074711   29.175000 
8.242950  0.981793  27.101929   1.090722   29.820910 
8.296650  1.056327  27.735648   1.095169   30.477932 
8.350350  1.160865  28.441127   1.074146   31.130710 
8.404050  1.265786  29.220293   1.063847   31.785571 
8.457750  1.402488  30.094676   1.047287   32.438503 
8.511450  1.521963  31.055633   1.066009   33.111574 
8.565150  1.608895  32.084336   1.050030   33.782948 
8.618850  1.675791  33.169290   1.020897   34.443904 
8.672550  1.720431  34.297068   1.040310   35.125849 
8.726250  1.786287  35.482562   1.041497   35.817052 
8.779950  1.796316  36.689429   1.020412   36.502623 
8.833650  1.802793  37.915509   1.009405   37.189120 
8.887350  1.812121  39.162963   1.005314   37.881173 
8.941050  1.816002  40.428241   1.000362   38.578164 
8.994750  1.838591  41.724691   0.978933   39.268441 
9.048450  1.823645  43.026003   0.978486   39.966667 
9.102150  1.836066  44.351775   0.987812   40.679938 
9.155850  1.849126  45.702778   1.007942   41.416358 
9.209550  1.804034  47.036343   0.996326   42.152855 
9.263250  1.731178  48.331019   0.993062   42.895525 
9.316950  1.666915  49.592130   1.023565   43.669907 
9.370650  1.535849  50.767515   1.011868   44.444290 
9.424350  1.442741  51.884336   1.030073   45.241667 
9.478050  1.309064  52.909259   1.000991   46.025386 
9.531750  1.145947  53.816667   1.013033   46.827546 
9.585450  1.027827  54.639738   1.014530   47.639969 
9.639150  0.866809  55.341667   0.982771   48.435802 
9.692850  0.738027  55.945988   0.978696   49.237191 
9.746550  0.609227  56.450386   0.941940   50.017052 
9.800250  0.535924  56.898997   0.952201   50.814120 
9.853950  0.445214  57.275772   0.937748   51.607716 
9.907650  0.392510  57.611574   0.944296   52.415586 
9.961350  0.340021  57.905633   0.924328   53.214969 
10.015050  0.304255  58.171605   0.914266   54.014198 
10.068750  0.270716  58.410802   0.896767   54.806559 
10.122450  0.257655  58.640895   0.876218   55.589043 
10.176150  0.241179  58.858565   0.895721   56.397454 
10.229850  0.235777  59.073611   0.899793   57.218133 
10.283550  0.219591  59.276003   0.874095   58.023765 
10.337250  0.230240  59.490432   0.902154   58.863966 
10.390950  0.232868  59.709568   0.895149   59.706327 
10.444650  0.240706  59.938426   0.886050   60.548765 
10.498350  0.244997  60.173765   0.902633   61.415818 
10.552050  0.251812  60.418133   0.895298   62.284645 
10.605750  0.273511  60.686265   0.903019   63.169907 
10.659450  0.280502  60.964043   0.933214   64.094059 
10.713150  0.291736  61.255864   0.935684   65.030015 
10.766850  0.317701  61.576852   0.929811   65.969444 
10.820550  0.349263  61.933256   0.961285   66.950386 
10.874250  0.397931  62.343364   0.959226   67.938966 
10.927950  0.440661  62.802006   0.975547   68.954321 
10.981650  0.507424  63.335340   0.998845   70.004167 
11.035350  0.566110  63.936188   0.999107   71.064583 
11.089050  0.652940  64.635957   1.035748   72.174614 
11.142750  0.737148  65.433642   1.027857   73.286883 
11.196450  0.852059  66.364583   1.036948   74.419830 
11.250150  0.967965  67.432330   1.054982   75.583565 
11.303850  1.070549  68.624537   1.080111   76.786420 
11.357550  1.212472  69.987654   1.090649   78.012577 
11.411250  1.344884  71.513966   1.075445   79.233102 
11.464950  1.470928  73.199074   1.084724   80.475772 
11.518650  1.589230  75.036806   1.111534   81.761111 
11.572350  1.697676  77.018287   1.087425   83.030324 
11.626050  1.803007  79.142284   1.112772   84.341204 
11.679750  1.870769  81.366512   1.105679   85.655787 
11.733450  1.924357  83.675540   1.113844   86.992284 
11.787150  1.942674  86.027932   1.112831   88.339815 
11.840850  1.922821  88.377546   1.096950   89.680247 
11.894550  1.880343  90.696142   1.087193   91.020833 
11.948250  1.817402  92.957407   1.099210   92.388503 
12.001950  1.718326  95.114660   1.073416   93.736111 
12.055650  1.594441  97.134336   1.069905   95.091358 
12.109350  1.475096  99.019522   1.056271   96.441281 
12.163050  1.355159  100.766821   1.031285   97.770988 
12.216750  1.230329  102.367207   1.030722   99.111728 
12.270450  1.114919  103.830247   1.022073   100.452932 
12.324150  1.029623  105.193210   1.036093   101.824460 
12.377850  0.952060  106.464506   1.009556   103.172531 
12.431550  0.906846  107.685957   1.022049   104.549151 
12.485250  0.874697  108.874306   1.001690   105.910031 
12.538950  0.855170  110.046142   0.997915   107.277469 
12.592650  0.835889  111.201389   1.009242   108.672299 
12.646350  0.869271  112.413040   1.003955   110.071682 
12.700050  0.903268  113.682793   0.991750   111.465818 
12.753750  0.919408  114.986188   0.994628   112.875849 
12.807450  0.951223  116.346065   0.981610   114.279167 
12.861150  0.969362  117.743519   0.976213   115.686497 
12.914850  1.007762  119.208488   0.963016   117.086420 
12.968550  1.021437  120.705710   0.973323   118.513117 
13.022250  1.034070  122.234028   0.969333   119.945756 
13.075950  1.049775  123.798380   0.965426   121.384414 
13.129650  1.060926  125.392361   0.965557   122.835108 
13.183350  1.048022  126.979861   0.949047   124.272685 
13.237050  1.062172  128.601929   0.950760   125.724614 
13.290750  1.057816  130.230478   0.945248   127.179861 
13.344450  1.059114  131.874228   0.930347   128.623765 
13.398150  1.053945  133.523148   0.917529   130.059259 
13.451850  1.055577  135.187886   0.921716   131.512886 
13.505550  1.066226  136.882870   0.926632   132.985957 
13.559250  1.065550  138.590278   0.942084   134.495525 
13.612950  1.075124  140.326698   0.940972   136.015278 
13.666650  1.091576  142.103627   0.957102   137.573302 
13.720350  1.099650  143.907793   0.973751   139.170910 
13.774050  1.085119  145.702083   0.974480   140.782253 
13.827750  1.077402  147.497531   0.983270   142.420833 
13.881450  1.048270  149.258025   1.005633   144.109722 
13.935150  1.026483  150.995293   1.018961   145.834259 
13.988850  0.994051  152.690664   1.013958   147.563580 
14.042550  0.936673  154.300463   1.026690   149.328086 
14.096250  0.874614  155.815123   1.019417   151.093519 
14.149950  0.824124  157.253241   1.039375   152.907253 
14.203650  0.768974  158.605324   1.026703   154.712500 
14.257350  0.705397  159.855015   1.029436   156.536265 
14.311050  0.643312  161.003318   1.016754   158.351157 
14.364750  0.601141  162.084414   1.016417   160.179090 
14.418450  0.554809  163.089660   0.998895   161.988966 
14.472150  0.522125  164.042747   0.994497   163.804321 
14.525850  0.493810  164.950849   0.989004   165.623071 
14.579550  0.465647  165.813503   0.981649   167.441667 
14.633250  0.459176  166.670448   0.971894   169.255478 
14.686950  0.456481  167.528627   0.966565   171.072608 
14.740650  0.463144  168.405710   0.959902   172.890432 
14.794350  0.473743  169.309414   0.957557   174.717052 
14.848050  0.487911  170.246914   0.945905   176.534568 
14.901750  0.507166  171.228472   0.954489   178.381867 
14.955450  0.542202  172.285417   0.949824   180.233410 
15.009150  0.588594  173.441049   0.944258   182.087346 
15.062850  0.638214  174.703086   0.941634   183.949383 
15.116550  0.690253  176.077778   0.966881   185.875000 
15.170250  0.771393  177.625000   0.957278   187.795062 
15.223950  0.830478  179.302546   0.972692   189.759877 
15.277650  0.905063  181.143673   0.983541   191.760648 
15.331350  0.997907  183.187963   0.990713   193.790201 
15.385050  1.073912  185.403395   1.003371   195.860108 
15.438750  1.142784  187.777392   1.021734   197.982639 
15.492450  1.235316  190.361497   1.019533   200.115355 
15.546150  1.311123  193.123225   1.038107   202.302006 
15.599850  1.398046  196.088426   1.048653   204.526157 
15.653550  1.458348  199.202855   1.063077   206.796451 
15.707250  1.509432  202.448534   1.074336   209.106559 
15.760950  1.569018  205.845448   1.075368   211.434722 
15.814650  1.615833  209.367593   1.077210   213.782793 
15.868350  1.628331  212.941127   1.093664   216.182948 
15.922050  1.660809  216.610648   1.084448   218.579012 
15.975750  1.660867  220.305093   1.098018   221.021451 
16.029450  1.650206  224.000540   1.093464   223.470139 
16.083150  1.628697  227.672299   1.092404   225.932870 
